|                    |   log_return |   overnight_return |   momentum_5d |   momentum_20d |   volatility_20d |   volume_change |   volume_20d_avg |   avg_sentiment |   sentiment_std |   news_count |   spy_return |   soxx_return |   ief_return |   trends_zscore_30d |   trends_momentum_7d |   trends_spike |
|:-------------------|-------------:|-------------------:|--------------:|---------------:|-----------------:|----------------:|-----------------:|----------------:|----------------:|-------------:|-------------:|--------------:|-------------:|--------------------:|---------------------:|---------------:|
| log_return         |   1          |          0.570008  |    0.425629   |     0.218028   |       0.00242691 |     -0.0125976  |      -0.0229382  |      0.0870377  |     -0.0376131  |   0.00905641 |   0.643823   |    0.791932   |   0.0248758  |           0.0823269 |           0.0437682  |      0.078743  |
| overnight_return   |   0.570008   |          1         |    0.257348   |     0.128111   |       0.0161223  |      0.137721   |      -0.0153651  |      0.138144   |     -0.0792514  |   0.0438561  |   0.340371   |    0.430442   |   0.0506468  |           0.125431  |           0.150593   |      0.0982358 |
| momentum_5d        |   0.425629   |          0.257348  |    1          |     0.502252   |      -0.0092159  |     -0.00207281 |      -0.0385129  |      0.136555   |     -0.0241097  |   0.0826741  |   0.238218   |    0.295626   |   0.0691766  |           0.150631  |           0.119227   |      0.0925573 |
| momentum_20d       |   0.218028   |          0.128111  |    0.502252   |     1          |      -0.00125651 |     -0.00697587 |       0.00612745 |      0.122267   |     -0.018453   |   0.109883   |   0.138585   |    0.148881   |   0.0457804  |           0.0779303 |           0.0398723  |      0.0669746 |
| volatility_20d     |   0.00242691 |          0.0161223 |   -0.0092159  |    -0.00125651 |       1          |      0.00560522 |       0.640432   |     -0.0557205  |      0.0906254  |   0.120065   |   0.0142826  |    0.0130249  |  -0.00513286 |          -0.0436657 |          -0.00325921 |      0.0452875 |
| volume_change      |  -0.0125976  |          0.137721  |   -0.00207281 |    -0.00697587 |       0.00560522 |      1          |      -0.0383494  |     -0.0143133  |     -0.0566277  |  -0.00687552 |  -0.119954   |   -0.0792721  |   0.0458966  |           0.254028  |           0.209724   |      0.267433  |
| volume_20d_avg     |  -0.0229382  |         -0.0153651 |   -0.0385129  |     0.00612745 |       0.640432   |     -0.0383494  |       1          |     -0.104772   |      0.0695236  |  -0.0282369  |  -0.0214499  |   -0.0216281  |  -0.0316313  |          -0.15932   |          -0.0838676  |     -0.0589048 |
| avg_sentiment      |   0.0870377  |          0.138144  |    0.136555   |     0.122267   |      -0.0557205  |     -0.0143133  |      -0.104772   |      1          |     -0.286763   |  -0.00642724 |   0.0952075  |    0.110381   |   0.0291514  |          -0.0442783 |          -0.0278166  |     -0.0515161 |
| sentiment_std      |  -0.0376131  |         -0.0792514 |   -0.0241097  |    -0.018453   |       0.0906254  |     -0.0566277  |       0.0695236  |     -0.286763   |      1          |   0.239662   |  -0.0155845  |   -0.0427183  |  -0.0108499  |           0.0251149 |           0.00883558 |     -0.0322437 |
| news_count         |   0.00905641 |          0.0438561 |    0.0826741  |     0.109883   |       0.120065   |     -0.00687552 |      -0.0282369  |     -0.00642724 |      0.239662   |   1          |   0.00174553 |    0.012823   |   0.0661443  |           0.216209  |           0.169475   |      0.0901857 |
| spy_return         |   0.643823   |          0.340371  |    0.238218   |     0.138585   |       0.0142826  |     -0.119954   |      -0.0214499  |      0.0952075  |     -0.0155845  |   0.00174553 |   1          |    0.817948   |   0.064559   |          -0.0078728 |          -0.0142194  |      0.0168925 |
| soxx_return        |   0.791932   |          0.430442  |    0.295626   |     0.148881   |       0.0130249  |     -0.0792721  |      -0.0216281  |      0.110381   |     -0.0427183  |   0.012823   |   0.817948   |    1          |   0.0241765  |           0.0330681 |           0.00189577 |      0.0435421 |
| ief_return         |   0.0248758  |          0.0506468 |    0.0691766  |     0.0457804  |      -0.00513286 |      0.0458966  |      -0.0316313  |      0.0291514  |     -0.0108499  |   0.0661443  |   0.064559   |    0.0241765  |   1          |           0.020659  |           0.0210308  |      0.014556  |
| trends_zscore_30d  |   0.0823269  |          0.125431  |    0.150631   |     0.0779303  |      -0.0436657  |      0.254028   |      -0.15932    |     -0.0442783  |      0.0251149  |   0.216209   |  -0.0078728  |    0.0330681  |   0.020659   |           1         |           0.633548   |      0.691949  |
| trends_momentum_7d |   0.0437682  |          0.150593  |    0.119227   |     0.0398723  |      -0.00325921 |      0.209724   |      -0.0838676  |     -0.0278166  |      0.00883558 |   0.169475   |  -0.0142194  |    0.00189577 |   0.0210308  |           0.633548  |           1          |      0.526598  |
| trends_spike       |   0.078743   |          0.0982358 |    0.0925573  |     0.0669746  |       0.0452875  |      0.267433   |      -0.0589048  |     -0.0515161  |     -0.0322437  |   0.0901857  |   0.0168925  |    0.0435421  |   0.014556   |           0.691949  |           0.526598   |      1         |